# Created by Octave 4.2.1, Tue Jun 18 14:57:57 2019 GMT <unknown@unknown>
# name: pts
# type: complex matrix
# rows: 5
# columns: 1
 (51.24,60.65)
 (35.05,41.23)
 (70.95,27.4)
 (27.11,74.19)
 (68.89,63.59)


